---------------  Iteration: 0  -------------------

Corrections: 

dXL = 0.933402267695485
dYL = 3.0555773248750047
dZL=-0.22433385074182116

dOmega = 0.5842649067667084
dPhi = 0.863841598289952
dKappa=-4.630434488677867

Obtained parameters: 

XL = 58.47381995452673
YL = 5.047533786236107
ZL=0.7576671840751545

Omega = -0.5842649067667084
Phi = -0.863841598289952
Kappa=170.6304344886779

---------------  Iteration: 1  -------------------

Corrections: 

dXL = 0.1131598748411489
dYL = -0.20094889575858704
dZL=0.08664724627948618

dOmega = -0.40857946703688347
dPhi = -0.4320274511223281
dKappa=-1.1992446809135113

Obtained parameters: 

XL = 58.36066007968558
YL = 5.248482681994694
ZL=0.6710199377956684

Omega = -0.17568543972982498
Phi = -0.431814147167624
Kappa=171.8296791695914

---------------  Iteration: 2  -------------------

Corrections: 

dXL = 0.002167956801834508
dYL = -0.005918082909488081
dZL=-0.0002996348227772233

dOmega = -0.010451214807180576
dPhi = -0.022037910068891033
dKappa=0.00979673110789506

Obtained parameters: 

XL = 58.358492122883746
YL = 5.254400764904182
ZL=0.6713195726184455

Omega = -0.1652342249226444
Phi = -0.409776237098733
Kappa=171.81988243848352

---------------  Iteration: 3  -------------------

Corrections: 

dXL = -7.878598097549893e-06
dYL = 6.529586797107956e-06
dZL=-4.739896573912078e-06

dOmega = -3.745670718927857e-05
dPhi = -7.628893507431629e-05
dKappa=1.3898002118750814e-05

Obtained parameters: 

XL = 58.35850000148184
YL = 5.254394235317385
ZL=0.6713243125150195

Omega = -0.16519676821545512
Phi = -0.40969994816365873
Kappa=171.8198685404814

